return {
  altitude_nivel_mar = 100878.44431133883,
  gravidade_superficial = 9.81335114437652,
  parametro_gravitacional = 3531599999999.9995,
  massa = 6559.392578125,
  velocidade_orbital = 2257.5955249138633,
  altitude = 100878.44431133883,
  tempo_para_apoastro = 744.5615937659322,
  apoastro = 120848.54045218637,
  trust_maximo = 400000,
  raio_equatorial = 600000,
}
