return {
  velocidade_orbital = 133724.03749800400266,
  raio_equatorial = 600000,
  parametro_gravitacional = 3531599999999.9995,
  apoastro = 877.501400014502,
  trust_maximo = 0,
  gravidade_superficial = 9.81335114437652,
  altitude = 830.1980079624336,
  massa = 22775.546875,
  tempo_para_apoastro = 551.2843717238705,
  altitude_nivel_mar = 830.1980079624336,
}
